1.0,0.0,0.0,0.0,1.0,0.0,0.0,0.0,1.0,0.0,0.0,0.0,0.0,0.0,-0.0
0.9999755906934684,-0.002907917386067062,-0.0039940865280017395,0.002891917840614148,0.9999875903525581,-0.002011542852067573,0.004005686198455103,0.001988343511160848,0.9999800005681839,0.007644482640248191,-0.013825636853656991,0.6739029266568538,-0.0469,-0.0284,0.8587
0.9999413299076924,-0.002317901851439706,-0.00829105276438309,0.002278075106701133,0.9999850916128001,-0.003221320684961748,0.008303514239222883,0.0031932541759667143,0.9999404635519441,-0.0070521017789469485,-0.024867431080159565,1.3633590380573728,-0.0937,-0.0568,1.7163
0.9998877901022949,-0.0027328417299679083,-0.012487302072736767,0.002659450237979331,0.9999787088749131,-0.004432464826611157,0.012504776730389104,0.004388111478581642,0.9998826777559021,-0.017477579719434654,-0.03134277857824403,2.078741856058746,-0.1406,-0.0852,2.575
0.9998158713939344,-0.0026328601428285154,-0.016786510319730684,0.0025403457719406306,0.9999789629094904,-0.0044433883134305015,0.016803522568424108,0.004389791830838485,0.999810422608858,-0.0561083236890849,-0.04685207662631414,2.7851034959988556,-0.1875,-0.1135,3.4326
0.9997072812200692,-0.003323980677446572,-0.02168640558998,0.003220440636546721,0.9999783322719008,-0.00405917713964082,0.02170486259721472,0.003974716163552996,0.9997056586685971,-0.06862252178618364,-0.061563504661208295,3.5297159039014634,-0.2344,-0.1419,4.2913
0.9995921938693503,-0.0013666881037261531,-0.026182383761426113,0.0011950070264386745,0.9999716590710325,-0.005664509325773446,0.02619171431741958,0.005626425662064811,0.9995787936731092,-0.10323260046005306,-0.06524670279276702,4.282011854849382,-0.2812,-0.1703,5.149
0.999434764802347,0.000729006939310162,-0.03117963048613178,-0.0009337273183141625,0.9999691222599038,-0.005759837601407866,0.03117666311162369,0.0057918388877165865,0.9994223311736623,-0.13779819852452227,-0.07916352312510407,5.049782363491042,-0.3281,-0.1987,6.0078
0.9992244994182198,0.000957980889450943,-0.036871857199702554,-0.0010465725408606988,0.9999769064380286,-0.0022539529653918594,0.03687198845306636,0.0022982553699954318,0.9992202047332748,-0.14542974339571776,-0.11727525950275886,5.843979823549236,-0.375,-0.227,6.8655
0.9990384424041153,9.545425717868648e-05,-0.041367215191472385,-4.18913784476097e-05,0.999973496040734,0.0010461480827455773,0.041366586346021805,-0.0010399122735185002,0.9990306233842151,-0.18523600096030202,-0.12834233964049993,6.638535533023985,-0.4218,-0.2554,7.724
0.9983633871911646,1.7344313868194688e-05,-0.05534976821171439,0.0003287135466895239,0.9999532299738728,0.005041863199307346,0.055347301652531496,-0.0050498580450879646,0.9983353952684262,0.05564296122798579,-0.15949871163764073,7.396710090694005,-0.4687,-0.2838,8.5829
0.9981121212500397,0.0010795421551354838,-0.059542486846257646,-0.0007525678154492796,0.9999550691798413,0.004445050942624329,0.05954409506375229,-0.004385506775693903,0.998087941373224,0.023916048529345237,-0.1670102854564282,8.228932876453017,-0.5155,-0.3122,9.4403
0.9979369974149481,0.0014475482369948943,-0.062337434213138,-0.0011414952973946588,0.9999565867161405,0.003948268836098964,0.06233980260708107,-0.0038616131942848103,0.9979153207325213,-0.023340489315376536,-0.16873193890427704,9.059105328332146,-0.5624,-0.3405,10.299
0.9978208265036621,-0.00040624908218070107,-0.06413314607667063,0.0006639141445791016,0.9999581340710032,0.0030471114699748185,0.06413030514459847,-0.003079025351969617,0.9978026573060778,-0.0791425683620528,-0.17627137559360803,9.897767492639915,-0.6093,-0.3689,11.1576
0.9976194762136656,-0.0002921340302543239,-0.06712650113316307,0.0005781550142285374,0.9999500670744009,0.004745292118958615,0.0671235621456693,-0.004774933739664499,0.9975931692322834,-0.11947832570437428,-0.19583801567408649,10.744654161765995,-0.6562,-0.3974,12.0154
0.9976121467463503,-0.0010117053126030289,-0.06722444127827501,0.0011784223367060993,0.9999546614815937,0.002945255886058075,0.06722150957315136,-0.0030196012571539295,0.9975918823635889,-0.20035833870283246,-0.18319510168346637,11.580355060904626,-0.7019,-0.4239,12.8696
0.9974986050737419,0.0026792267162488127,-0.06872845894336273,-0.0027212857626700135,0.9999441920161272,4.9499657855311284e-05,0.0687171918318184,0.00014111214330697562,0.9974883973506254,-0.27551958078154454,-0.19130707932689295,12.427969203987107,-0.7498,-0.454,13.7315
0.9973763841953813,0.004611946925196305,-0.07033486863600329,-0.00482472464463882,0.9999289020746811,-0.002242617257485033,0.07030756008708469,0.0025827089390448835,0.9973699650239263,-0.3167574048390107,-0.217928206186727,13.248418973596923,-0.7993,-0.4841,14.6003
0.9971500463918596,0.008092128124276829,-0.07303931195344773,-0.008434382442648583,0.999892958772093,-0.0037196838630480216,0.07298428102837347,0.004341201944240378,0.9971663956622334,-0.3250373603769819,-0.2289593296708527,14.033954260446873,-0.8547,-0.5155,15.4796
0.9970179246310444,0.010168139992813961,-0.0745236538864022,-0.010438038583744789,0.9998749472757251,-0.0026041643631691063,0.07447308188882117,0.0033933838473802253,0.9970584187616323,-0.38045441441605654,-0.26213381475470177,14.905225886305919,-0.9073,-0.5465,16.3694
0.9969586791801883,0.010091039582951305,-0.07531819351787146,-0.010339887660302076,0.9998766700433269,-0.0022959294520278665,0.07527098986691963,0.003086757009994481,0.9969991279968418,-0.4998728624568014,-0.2575380104157727,15.855092699860796,-0.9609,-0.5784,17.269
0.9966868983477205,0.009889319509520504,-0.07878187436331467,-0.009939100689253525,0.9998800492897937,0.0002385575236090053,0.07875975231441688,0.0005634409154036402,0.9967248774660298,-0.5163222378585196,-0.2854435349460158,16.715734387780493,-1.0116,-0.6092,18.1732
0.9966152534017216,0.009032252768204123,-0.0797739734903323,-0.009038454120255026,0.9998878101285607,0.0007475398827935408,0.07975639143600409,-6.662395760461487e-06,0.996645117743396,-0.581291586502024,-0.30493236802429524,17.60033694399343,-1.0663,-0.6387,19.0841
0.9963877117912134,0.010294609313778813,-0.08236869938471496,-0.01033731738362015,0.9998745214028016,0.0003744670994298325,0.08234646291269603,0.0004989603329683193,0.9964308173556898,-0.6111914612975138,-0.3361274513128859,18.446014367128665,-1.1187,-0.6686,19.9972
0.9961744449868484,0.00952315652658775,-0.08495589599472278,-0.009535593848545439,0.9998819401106127,0.0006992242254692343,0.08493671468706873,0.00013214795475609728,0.9962100215418899,-0.6147025356073866,-0.3670878181775276,19.28030837425757,-1.1718,-0.6991,20.9137
0.9960074990221452,0.0075321094608881214,-0.08703018789090924,-0.007429491400308104,0.9998913514662822,0.0030145762657823303,0.08702342528462056,-0.002350153874958291,0.9960218669948797,-0.6442274165877504,-0.3687744732432232,20.165748940176215,-1.2243,-0.7287,21.8404
0.9959454754185101,0.010409968600485741,-0.08739421318469505,-0.01002655969609899,0.9998444327684636,0.0063180735177967,0.08743587764902953,-0.0054095184291397275,0.995969041233004,-0.7038286989877622,-0.3837322163665982,21.072554767309065,-1.2808,-0.7605,22.7743
0.9959023400332943,0.013226709160906994,-0.08745941397488001,-0.0126251177059167,0.9997884186190414,0.008918785917976799,0.0875556770835345,-0.0077713178773434555,0.9959400802388145,-0.7672203007143101,-0.38752486301400646,21.992734229213237,-1.3348,-0.793,23.7095
0.9957910123286439,0.008932828079023633,-0.08913260647406486,-0.008107086229039906,0.9998015230313102,0.01113213131523505,0.08920229177437404,-0.010263836487723442,0.9957658559025251,-0.8170376086618452,-0.35743692142164146,22.97042629328589,-1.3857,-0.8209,24.6518
0.9959730963773128,0.010417501854008634,-0.08686687035684665,-0.009826788946285575,0.9998057214804275,0.008709995969105567,0.08692466152217687,-0.007725702184793496,0.9959843243092695,-0.9102781995581928,-0.316284297997184,23.88668912613565,-1.4366,-0.8456,25.5969
0.9961479961873972,0.012184421962030246,-0.08455165858216147,-0.012132270507123002,0.9997932066542206,0.0024821606386323043,0.08453690821634777,-0.0013548544953773636,0.9961956129868601,-1.0379307225950671,-0.2862267154077667,24.84605105479588,-1.487,-0.8702,26.5447
0.9962039687409063,0.015528828881405015,-0.08323927581899565,-0.016027193522048608,0.9997172577906742,-0.0028387788985891355,0.08312556161048051,0.004241357039520731,0.9962895095808054,-1.1068253425337766,-0.31285679987011245,25.738127126671415,-1.538,-0.8971,27.4963
0.9962069796876921,0.0150547339292123,-0.08328895644096206,-0.015827253488341374,0.999700168536171,-0.006137789454758501,0.08312706409152015,0.007512405198226476,0.9962647186436513,-1.15170402321447,-0.3222152166088877,26.658322958896512,-1.5866,-0.9254,28.4547
0.9963025977325558,0.012886946830341217,-0.0824725839425305,-0.013524136317858267,0.9997382475517909,-0.0046490013924851015,0.08234339818729262,0.00582850637821305,0.9963393361217684,-1.204282863730895,-0.3575793152980016,27.572119304703513,-1.6334,-0.9556,29.4229
0.9962134681894202,0.011586835990032714,-0.0837132033220236,-0.01182446284236404,0.9997580425425399,6.52332091599097e-05,0.08364021092721276,0.0010040120029280964,0.9962353227039769,-1.2405688400591453,-0.37491444056124257,28.50662222688975,-1.681,-0.9838,30.3984
0.9962826587966073,0.008623349285047372,-0.08319177894955566,-0.008626552780030545,0.9997781946445786,0.002760321058310257,0.08313582885776635,-0.001951956024327034,0.99627162033714,-1.3533230355240786,-0.3903341985930415,29.481415078153855,-1.7289,-1.0118,31.3776
0.9960820276261002,0.0020888376931342163,-0.0856834462050061,-0.002122730998994042,0.9997934384368073,0.0020657724789019767,0.0856142031429908,-0.0018112071478844742,0.9960588526742861,-1.403770427315067,-0.4097053114512204,30.445324743993357,-1.769,-1.0364,32.3571
0.9957984655338006,0.0007553226028447055,-0.08887279598834481,-0.0010281803923997911,0.9997882720321885,-0.0016301539503614413,0.08880273212428189,0.0018839074311924177,0.9957677134739931,-1.4372430741906794,-0.428324509087513,31.408363524675845,-1.8158,-1.0598,33.3363
0.9956051271491396,0.001639722385329492,-0.09097274920071585,-0.0024429920958580703,0.9997443997263438,-0.007223592305427665,0.09088273372668448,0.007586135771697711,0.9955343773728454,-1.5098925262929443,-0.4131893920503479,32.37752774545153,-1.8707,-1.088,34.3202
0.9950586713107512,0.0034115188416760796,-0.09654576006382438,-0.004183982867211033,0.999735388535367,-0.007400109079078355,0.09644116309302792,0.00795872840828793,0.9949927151138427,-1.53075730173628,-0.44616230205382285,33.38749716922923,-1.9298,-1.1299,35.331
0.9947474196497618,0.003998404305775419,-0.09962987690516924,-0.004807025980161844,0.9997317558017313,-0.007485180474120027,0.09951981086276636,0.008117908633996519,0.9946833919093048,-1.5811401735165995,-0.44115478570210853,34.4207631652541,-1.9937,-1.1945,36.3875
0.9947003612890017,0.006834820486994405,-0.09990436514185146,-0.007307539739698462,0.9997274307500982,-0.0039839422045727735,0.09980599683643931,0.004886076696262199,0.9946705513786908,-1.702339359637145,-0.46992337357323755,35.38053903626542,-2.0611,-1.2499,37.4285
0.99427903577457,0.008723950654966086,-0.10378205338137228,-0.009222385667423222,0.9997099082173299,-0.003947974900469823,0.10367397729684058,0.0050830572531261956,0.9942662228672331,-1.7509343331066312,-0.478859115645537,36.41672485286339,-2.127,-1.3051,38.4715
0.9940778736143263,0.010960636806527988,-0.1054358156650551,-0.011222837853232371,0.9996906635511339,-0.000629916886400586,0.10535993115714684,0.0020027318463268903,0.9940937199993589,-1.8471738419105328,-0.5155111307149378,37.4255352539893,-2.191,-1.3491,39.5036
0.9938566727413332,0.011164872329230958,-0.10746039139276821,-0.01081249009548212,0.999667039368498,0.004990924763263516,0.10744556941220985,-0.003605794575820219,0.9938478918539687,-1.9291774930379642,-0.585299440460787,38.47035493834376,-2.2561,-1.393,40.5386
0.9936138905269924,0.018149328816286357,-0.1085152530818337,-0.017601490314475367,0.9995324196949431,0.0071093044839688185,0.10857234858783835,-0.004954310527681587,0.993718058218414,-2.0478697430974133,-0.5939623903300965,39.471820461499824,-2.3299,-1.4268,41.5611
0.993657566532826,0.019166799406761418,-0.10793247530149874,-0.01870479732222614,0.9995163233120141,0.006398420179257074,0.10798063101112343,-0.004139881812409349,0.9937857445142895,-2.180684080172254,-0.6116340622522377,40.453502364391746,-2.3997,-1.4607,42.583
0.993544210201338,0.020253166046346437,-0.10878401953458959,-0.020001252641430545,0.9994984458698082,0.0036158255329347545,0.10877715948535456,-0.001205227916340225,0.9937020974248669,-2.2787507356664993,-0.6088052739779515,41.468592700184914,-2.4652,-1.4895,43.593
0.9934498231288397,0.024705110735469108,-0.10863473979143476,-0.02469868731981779,0.9993855862686508,0.001612114622933489,0.10857234046865094,0.0012925045376302052,0.9937212268838854,-2.3942226989103736,-0.6380023746826217,42.44240349080281,-2.5359,-1.5228,44.5979
0.9934012307155061,0.02489288752265496,-0.10903458957247322,-0.02489795461730449,0.9993807588913003,0.0015221357288912809,0.10896952873449463,0.0014136661931476815,0.9936774977057723,-2.51261767431596,-0.6499443685173638,43.433966056369904,-2.6,-1.5599,45.5988
0.9933654068618817,0.027413859921270572,-0.10872626105141577,-0.02699759162331417,0.9993020081719182,0.005513944243254291,0.10877568934560826,-0.0023326645479683395,0.9936899221854495,-2.64906363511193,-0.7484915128721082,44.382139641890426,-2.6619,-1.5938,46.598
0.99306563893775,0.032696933770900334,-0.10986357079331162,-0.031779951444643406,0.9991012845441616,0.010251034217489888,0.11009833447730112,-0.006473719471462126,0.9935163678691131,-2.7401631161997946,-0.8653970251090858,45.35849659935333,-2.7289,-1.6298,47.5928
0.9928336915509265,0.036799769039067474,-0.1105807102460711,-0.03627109059728059,0.9989610861799226,0.006976225287454513,0.11070654685018254,-0.002697125823930772,0.9934588444562221,-2.816056916815344,-0.8942149034180119,46.28192982170069,-2.8008,-1.6645,48.5786
0.9927381317595554,0.03839611046668148,-0.11088348344472046,-0.03846846986004789,0.9988853912379032,0.001685979560879631,0.1107997041154386,0.002811827692658103,0.9934328617990394,-2.939523274302341,-0.8905222890179543,47.22829253339957,-2.8713,-1.6976,49.556
0.9925145850704563,0.04045631165065791,-0.11211900288962072,-0.04066505911964091,0.9987966278193154,0.000636101341221953,0.11198252502806501,0.00415081255628256,0.9932939168751937,-3.027331450995611,-0.9080693130729898,48.16820489529768,-2.9379,-1.729,50.5377
0.9925510189857543,0.041011912236416245,-0.11159074436286988,-0.04086634070392845,0.9987762438670615,0.003815838785314979,0.11158498944763687,0.0009944360083602485,0.9933417330661996,-3.145816061556944,-0.9264566529195047,49.13057576848759,-3.0025,-1.7667,51.5184
0.9925201268017203,0.04039885727053414,-0.11208525929577458,-0.03996362188700337,0.9987963691070569,0.006336807881214824,0.11217952098677705,-0.001589701688276318,0.9932704510993868,-3.246403477031766,-0.9361493605247808,50.09214578805036,-3.0658,-1.799,52.495
0.9925545370329074,0.040112279183140316,-0.11188273716044969,-0.03966526535037819,0.998807625811103,0.006428755590725859,0.11198034566427802,-0.001722625059466203,0.9932926749060138,-3.3685627865789978,-0.9504984588253305,51.0433695463351,-3.1302,-1.8301,53.465
0.9923696500168776,0.0391931909759207,-0.11381135200555528,-0.03885592230637524,0.9988446547869432,0.005403852722842335,0.1138666151288918,-0.0007213335175847645,0.9930771218041383,-3.418697799712896,-0.9795745078175588,51.96473658628573,-3.1915,-1.8584,54.428
0.9922058035350644,0.03742700397027874,-0.11578262514140354,-0.03735152291500822,0.9989083076669367,0.003177331508746897,0.11575526910567209,0.0014878826139475083,0.9928537646628255,-3.4970870970096235,-0.9866558102041855,52.91779917687817,-3.2488,-1.8865,55.3918
0.9919620272704388,0.03733959396869563,-0.11786201143927459,-0.03724458532910408,0.998911696581839,0.003355436307596199,0.11783988031052604,0.0013768379820566588,0.9926064385979715,-3.585227371681686,-0.9908525602613248,53.852049903314594,-3.3109,-1.9138,56.3504
0.991767656235055,0.03550257171422811,-0.12001171753327255,-0.03493056085334469,0.9989656486586606,0.007131949497595935,0.1201163044880104,-0.0025710159541186546,0.9923206583386187,-3.664482054240162,-1.004563888554173,54.77885811994945,-3.3715,-1.9382,57.3125
0.991714178461592,0.03683614239677419,-0.1200442977281794,-0.03572734180886334,0.9988847134424192,0.011634076176448595,0.12032030952398463,-0.0069399538466792835,0.9922653644844039,-3.7756174337648045,-1.018114228848143,55.70935451766644,-3.439,-1.9568,58.274
0.9915680720676777,0.04136660639355262,-0.1196889140576081,-0.04012548357551991,0.9986899330284742,0.013020204437615802,0.12005694638957501,-0.0078009099269773455,0.9922904602944229,-3.9067303139248977,-1.029614903664535,56.64218225699518,-3.5113,-1.976,59.2254
0.9912073462906051,0.046134235791196784,-0.12082775095843055,-0.04530773999148283,0.9984859179236872,0.009870357240251487,0.1210699096581315,-0.003996363424762344,0.9921821787477242,-4.039745643444189,-1.068576628455451,57.57313365346086,-3.5792,-1.9981,60.1663
0.9903900866649791,0.05153536058064138,-0.12498290202817033,-0.05168637734715074,0.9981737299471148,0.0024806451265725876,0.12491030327829933,0.004240627197433017,0.9916752908285661,-4.116726738438626,-1.1073472269275795,58.47433803102143,-3.6418,-2.0215,61.0912
0.9898254739557943,0.05610695801738315,-0.12725991985357404,-0.056980679332903385,0.9978574539451409,-0.002694038020670852,0.12693828654790054,0.010167648002458495,0.9913675257210572,-4.22557198261944,-1.135093636756764,59.38405301024436,-3.7034,-2.0492,62.0063
0.9889205889786058,0.06297133815010632,-0.1307967075207793,-0.06407503927924932,0.9973981211825039,-0.003666653128612484,0.13031922276061972,0.012281990488122266,0.9908966700528093,-4.335597332587743,-1.1432882303190648,60.30095166284006,-3.776,-2.0781,62.9168
0.9885955347193648,0.0685780193443091,-0.13031211788174393,-0.06955768263329838,0.9970186717855277,-0.0023983519283446173,0.12985844345292138,0.011707958943203473,0.9909638337768165,-4.481000286706976,-1.1708760569042047,61.167880880669884,-3.8439,-2.1121,63.8152
0.9880208743484836,0.07324862349817848,-0.13206483488305915,-0.07414345176136192,0.9966859835450381,-0.0005631131979714649,0.13159292772886597,0.010615882965817574,0.9907318542151736,-4.579170940890755,-1.2120170329125493,62.02333982185051,-3.9126,-2.1454,64.6979
0.9877372609735631,0.0777664346105182,-0.13152349766503396,-0.0791217910016846,0.9962781681875691,-0.003814500768973034,0.1307280952851788,0.014440052173521697,0.9907902285244465,-4.761714835924134,-1.216365009713161,62.91641355983221,-3.9782,-2.1738,65.5667
0.9873502359986844,0.08119668891365027,-0.13230655718184506,-0.08241082296105451,0.9960093916462626,-0.002445518819167944,0.1315748808464461,0.01358635296490727,0.9906894733905393,-4.913708710932536,-1.26503689969367,63.749665341964175,-4.0466,-2.2014,66.4216
0.9870692991122083,0.08257335136464346,-0.13353194592473566,-0.08370762663432349,0.9959017194290286,-0.0016395677009430033,0.13284557915330172,0.013065684073725018,0.9905259201164915,-5.0405674796902,-1.2835656642434243,64.62215277596295,-4.1144,-2.2308,67.2646
0.985946364400013,0.08375632219382115,-0.14079062059203307,-0.08449085829161336,0.9958291122662533,0.0017908843364187674,0.14025842152082454,0.010407321340426153,0.9894890966126865,-4.953884425685404,-1.3701377100637597,65.32510257104718,-4.18,-2.2584,68.0933
0.9857502578292848,0.08305446920962832,-0.14255557527193619,-0.08358838387228695,0.9959001241275831,0.0032443724271419704,0.14214605392177862,0.008993389968224201,0.9892307105171938,-5.070211503989889,-1.3891342650395158,66.13015748512365,-4.2449,-2.2833,68.9099
0.9851169844433674,0.08571275891022963,-0.145378013474653,-0.08585986479409853,0.9956859094356552,0.006198889963479946,0.14509713865480833,0.006657356399656224,0.988798884249643,-5.164508994994615,-1.4041058427941102,66.91767565217046,-4.313,-2.3078,69.7142
0.9820189701103426,0.08680981423666397,-0.16442478000813943,-0.08499977953186819,0.9956431978825291,0.018682936906180034,0.1651377829367601,-0.004104188558494357,0.9856979714110182,-4.8539440813387,-1.6157836934890606,67.97491967829379,-4.3819,-2.3295,70.508
0.9814779682413312,0.08964250686786832,-0.16609283359341917,-0.08765143383976541,0.995384609815348,0.019935632557888494,0.1669242801167584,-0.004737424528372918,0.9853922965398269,-4.99279919802682,-1.6058894345892358,68.74916889197317,-4.4455,-2.3554,71.2844
0.9808560117828291,0.09194190005405928,-0.1684682841672281,-0.09070519023034085,0.9951722343043234,0.01563876788397972,0.16889401485876757,0.00012038437152318692,0.9850539667804374,-5.118314390717999,-1.6067832989405149,69.49347143012753,-4.5149,-2.3821,72.0374
0.9805968653734048,0.09126988723125652,-0.17032039757118747,-0.09129223714231693,0.9951795004899985,0.008383990264924514,0.17007126208532558,0.007509905007744078,0.9847943079688778,-5.253747186114489,-1.6079009405281146,70.21609337830155,-4.5802,-2.4097,72.7679
0.9802331038927593,0.09039431773903155,-0.172841308548955,-0.09148647861182342,0.9951760637983611,0.0023968716265983236,0.1720372638488441,0.013647379302588773,0.9843656196895042,-5.366371908851354,-1.6088431394207379,70.9164636455944,-4.6443,-2.433,73.4806
0.9797488374419338,0.0909925228242308,-0.17523820202022775,-0.09217796812958688,0.9951125994918957,0.002120542450363384,0.17438873674829214,0.014261421396317885,0.9839399560106101,-5.447366709010036,-1.6322951546407334,71.62252595444787,-4.7095,-2.4595,74.1754
0.9800265419739458,0.09364144616646765,-0.17221756457223222,-0.09418355362323326,0.9949008489836433,0.005845850251515228,0.17170939779089012,0.010667055233477349,0.9844462396055794,-5.674314748895643,-1.6458780913326685,72.25429874204605,-4.7757,-2.4903,74.8515
0.9793765550779785,0.09395765600774902,-0.17567213404520682,-0.09415400906498868,0.9948864759553081,0.00798501574177524,0.17534950759130394,0.008896191006249003,0.983813459571303,-5.743313576831483,-1.6597306740011002,72.92959742591503,-4.8375,-2.526,75.5074
0.979175571749354,0.09104572327615643,-0.17826333977478098,-0.09205680273728652,0.9950961684207335,0.0034110790993777504,0.17754070936251898,0.013243480162856145,0.9833593013059239,-5.832071045951069,-1.638200212902999,73.57494635109562,-4.8919,-2.5567,76.1383
0.9797594352190129,0.08262320947084079,-0.17905300686217174,-0.08458944508772376,0.9957153622414481,-0.002537836240544621,0.17787091400143062,0.017808642836893627,0.9831990881747021,-5.927527705708539,-1.635511094652378,74.18229086611169,-4.9377,-2.5855,76.7501
0.980111061554709,0.07760142194648136,-0.1794022132609309,-0.0803058180151611,0.9960290874068108,-0.007019967133875269,0.17786491522808123,0.021467784875555306,0.983102483142762,-6.016757901626437,-1.6482824022958384,74.78641240457249,-4.9858,-2.6167,77.3441
0.9804839209099787,0.0801682951991136,-0.1761505826628881,-0.08287152415044703,0.9958143308720495,-0.007094280297397333,0.174562021127552,0.02182327784024014,0.9836829024680509,-6.13343020471113,-1.6673589766176227,75.35637610484915,-5.039,-2.646,77.9253
0.9808870277520424,0.0854447374089263,-0.17119898017330792,-0.08791935661110818,0.9953752748688168,-0.005832947177514774,0.16963004934904238,0.021113111120722228,0.9845499819987664,-6.264198736752346,-1.6508390787378437,75.92542735192067,-5.0927,-2.6757,78.4946
0.9816241487867446,0.08452201321784987,-0.16724059897223012,-0.0865127953583387,0.9955057721238993,-0.0034738302151419336,0.16601020709468442,0.018220575786670724,0.9852300163403503,-6.340993785827208,-1.6574177143527375,76.48212364200694,-5.1338,-2.7018,79.0495
0.9828376323557518,0.08143000277952192,-0.16141155597981996,-0.0825363556295565,0.9958294147759317,0.00125053278573035,0.16063602631678292,0.012449904760656385,0.9861782539898479,-6.4235181932807315,-1.6804903671197131,77.01513416067803,-5.1598,-2.7292,79.5923
0.9842286349263631,0.0773546056268949,-0.15450007024274306,-0.07778644978324394,0.9961825721439957,0.004813712117972999,0.15415653334456658,0.00756353652489783,0.9872421132630086,-6.472085149949368,-1.7087575569975917,77.54655093671529,-5.1834,-2.7568,80.123
0.9855177547884713,0.08081836318392684,-0.14445415272285456,-0.08132188246780586,0.9958975371326491,0.004084227093223967,0.14405717408836133,0.007968855516762925,0.9888111744417057,-6.533156497799077,-1.7178716001277572,78.05676500680967,-5.2083,-2.78,80.6346
0.9874422199439178,0.08575907749932844,-0.1278092970955068,-0.08627460019631676,0.9954720463640067,0.003431534600477098,0.12739467841296928,0.00780024404025898,0.9910567509093667,-6.640662469173329,-1.7357674642126462,78.52739998425473,-5.2352,-2.8017,81.1354
0.9891640872217908,0.09059542079937909,-0.1101600530048432,-0.0910334187111157,0.9950380488382915,0.0036120339839960745,0.10980565590961243,0.006627872121312877,0.9932108833654583,-6.6930087844065556,-1.7573511999147018,79.01825491945775,-5.2489,-2.8221,81.6229
0.9915770238335619,0.08947537508571858,-0.08730839367470511,-0.08992005770494707,0.9951440803554351,0.002340690128105071,0.08694179405420677,0.005727130944073749,0.9955137804676005,-6.743302147312737,-1.7620229512134948,79.48354289044137,-5.2368,-2.8399,82.097
0.9938943645751765,0.0860332560863855,-0.06085212780008225,-0.08648490333779935,0.99544645463901,0.0005381301787105979,0.06044906639396263,0.004917045295634659,0.9975231934337012,-6.75742561214741,-1.757866288233725,79.94304519410952,-5.2075,-2.8593,82.5559
0.995261113049581,0.0855853356700674,-0.0310688376291843,-0.08600867868340187,0.9954901506857626,-0.000432317131810282,0.030697481685350813,0.0033035480728954795,0.9988428011853154,-6.758911608290047,-1.764564315472038,80.39550574377647,-5.1635,-2.878,83.0085
0.9957722230334423,0.08578076435306817,0.002328601003699799,-0.08610255964645559,0.995475676432055,-0.0017164113885437368,-0.002682773296891935,0.0017040426600804794,0.9993555363472637,-6.738088693594457,-1.7712722462041137,80.85404865040645,-5.1056,-2.8958,83.4545
0.994943448831284,0.08623848303153375,0.03975304595006954,-0.08641256472478205,0.9954364343707789,-0.003964221086112564,-0.04015675698919045,0.0006854149536812284,0.998549327904656,-6.6961010861556804,-1.7875853989444903,81.30227152793351,-5.0296,-2.9119,83.8853
0.9923322887854579,0.08607343497456658,0.08226853511078794,-0.08609799534247921,0.9954505244986629,-0.0068504104370308225,-0.08275668454813657,-0.00010303886243476019,0.9959118557135026,-6.64095791455559,-1.801669681694401,81.74253655586176,-4.9346,-2.9262,84.3134
0.98749012964812,0.08505182073510194,0.12867896430341208,-0.08497392999419238,0.9955347696499546,-0.00903667072018189,-0.12907933363869786,-0.0017835226704113617,0.9909707082708666,-6.5723495903612354,-1.8387015387073489,82.16037248772828,-4.8173,-2.9424,84.7287
0.9792292557234962,0.08825116490061312,0.17978966195652424,-0.08727969306261256,0.9952508646400425,-0.015396950015117244,-0.18054230501858387,-0.0003412129829188546,0.9829411860232,-6.4980058177426026,-1.8437635644566641,82.56785532844953,-4.6809,-2.9619,85.1182
0.9677406224222617,0.08859879839659018,0.2338987148522543,-0.08628466681447454,0.9952174473872701,-0.022129326028364673,-0.23502556791728396,0.0015279526164234034,0.971401601342384,-6.373788852774005,-1.86800981611775,82.96626245036724,-4.5192,-2.9805,85.5017
0.952254613647106,0.08881220276658461,0.29065079191951304,-0.08426715164409052,0.9951873664141537,-0.0298671348529127,-0.2922276976017452,0.00428389884962962,0.95578133875747,-6.231021337800065,-1.8731567967362066,83.33623406575097,-4.3363,-2.9952,85.8537
0.932217950403568,0.08881220276658461,0.34948521393116494,-0.08223532758729782,0.9951873664141537,-0.03506524325654752,-0.3512790164769337,0.00428389884962962,0.9356392426904211,-6.067741017226836,-1.9079917515735456,83.69602400562938,-4.1301,-3.0068,86.2
0.9079145271385425,0.0889892151027817,0.4085333584896746,-0.07954843360552802,0.9951657417884975,-0.041353777943671476,-0.41063827500563677,0.005409392513325444,0.9111838010855742,-5.873526459383576,-1.9295545688843894,84.02979838046984,-3.9039,-3.0184,86.5259
0.8795765970168324,0.08718517081078787,0.46670489959686606,-0.07378322003306902,0.9953028220730297,-0.048056908477361486,-0.46913528381816894,0.008181780141941975,0.8824345659649003,-5.651039630074477,-1.954600724058407,84.3396394303582,-3.6564,-3.0309,86.8121
0.8470105898554907,0.08654761286621677,0.523631613210974,-0.06953094465688991,0.9953510514850122,-0.05325383168570159,-0.5262747512487856,0.009047901971124863,0.8496176948352574,-5.419663506050468,-1.9857197886178093,84.64220275908431,-3.3931,-3.0481,87.0956
0.8107073578393256,0.08537885432210891,0.5784664604725406,-0.06557963532619546,0.9954604953381055,-0.056106226559587996,-0.581134848983353,0.007921246503139318,0.8131224516753452,-5.176644410227197,-2.016205403500394,84.93024692479341,-3.1154,-3.0634,87.345
0.7704682332909433,0.08622572193115381,0.6309716886699855,-0.06369469787332369,0.9953981807847282,-0.059158947608520626,-0.6337046215173121,0.005803670267167761,0.7728790844881204,-4.91830676817566,-2.030307737286861,85.2116243078534,-2.8178,-3.0746,87.594
0.7285098940685012,0.08579849547977376,0.6791124687632754,-0.05929008509818853,0.9954344753046214,-0.06289242926972001,-0.6819716897251357,0.005930318871860197,0.7307003559880886,-4.632649264147463,-2.0549376123798324,85.46153819500495,-2.5081,-3.0845,87.8201
0.6850765842617187,0.08445869184324983,0.723013499261107,-0.05241762479270935,0.9955274237279168,-0.06727615765509913,-0.7260485836057375,0.00851272419469576,0.6868366109243733,-4.3327262201852585,-2.0886829544643946,85.68811470308029,-2.1826,-3.0931,88.0081
0.6412740238164064,0.0819834134803831,0.7624254333509397,-0.0423211815175919,0.9956515370720623,-0.07211874720006627,-0.7656254366495355,0.014262671086925782,0.6423301512960026,-4.011025272374771,-2.1118898785578777,85.90172409576697,-1.8476,-3.1035,88.188
0.5959031135372588,0.08546725217044444,0.7980543912742185,-0.04094902840901513,0.9953642504561447,-0.07660656069620318,-0.8015338137938968,0.013251600755107248,0.5969898764471653,-3.6929582647904815,-2.1382501274708625,86.10429475554899,-1.5111,-3.1166,88.3435
0.5502911790749246,0.08841526698301808,0.8298334403043527,-0.04056435309215849,0.9951302828014793,-0.0796780469965831,-0.8335705384454607,0.010413635535194461,0.5514632598545047,-3.3684097706994387,-2.175406162492104,86.28813671840037,-1.1656,-3.1274,88.502
0.5071918296091744,0.09099742562354317,0.8565862922302611,-0.03711596498929016,0.9948854658848464,-0.08416759274631923,-0.8606166829917602,0.011132535930769452,0.5082046437189326,-3.0309748735095687,-2.2072834854338024,86.44485822655555,-0.8111,-3.138,88.6416
0.4650487432373027,0.08816062828979564,0.8804502776679272,-0.026960674477258664,0.9950499259991578,-0.08589294837900718,-0.8844266670681331,0.016527538599885067,0.46533273538677145,-2.702818030841651,-2.24337906849877,86.59175690094305,-0.45,-3.1463,88.748
0.4261138763203167,0.08087641491719888,0.9005928692837323,-0.008158500482025523,0.9953578876328737,-0.08604833772217885,-0.9041432480760018,0.02966766432249454,0.4249897649628033,-2.3569997238894382,-2.2655715250481334,86.72027169082443,-0.0727,-3.1505,88.84
0.3909739055866889,0.0782381429731483,0.9166680718306456,-0.0010629915077040358,0.995472272859141,-0.08496319822212604,-0.9199444966103866,0.03256515760875264,0.38946257784640587,-2.0021170368043073,-2.2920279588573185,86.84259145136141,0.3021,-3.1566,88.9305
0.35763922489888667,0.08306564626359719,0.929705423315587,-0.0010640979752582725,0.9951132317718534,-0.08893559589108516,-0.9333538620466839,0.031096324310293556,0.3561409184714073,-1.650187759203144,-2.3265963945073884,86.96445414791735,0.6763,-3.1668,89.0232
0.3250090249964366,0.09157464533477548,0.9408156594585348,-0.009029682205097951,0.9946232931728448,-0.09407143381713741,-0.9451313988279878,0.02229386695954657,0.3242830364514864,-1.3030135676656713,-2.3694834660279134,87.09064195977084,1.0509,-3.1852,89.125
0.2960284964181404,0.09657057234858432,0.9498643157112309,-0.009629329980746022,0.9941769014481004,-0.09848857209753999,-0.9546330474551261,0.020288887761610693,0.2954221817646558,-0.9636469473885771,-2.4098166307864726,87.18744947002988,1.4346,-3.206,89.2106
0.2696887202105786,0.09914886845330072,0.9574174378423259,-0.005107571223025058,0.9938598516186374,-0.10195108052008961,-0.9624489355343385,0.022881129678718116,0.26869807285800457,-0.5861984928191935,-2.449795844411996,87.27957320852535,1.8329,-3.2221,89.2772
0.2474281670755426,0.09920888771208049,0.9634213420417379,0.007973470670906941,0.9935805389429361,-0.10476949764891005,-0.9684334438121626,0.03393314411097497,0.24513688180557777,-0.2131009666282082,-2.48583324666212,87.33544379888309,2.2407,-3.2342,89.3295
0.22716184341375006,0.10495695186042528,0.9678136630169932,0.01858105909312577,0.9926354573686773,-0.11243850931816163,-0.9732631376578603,0.04387963056793565,0.2236314098199821,0.22316112057871007,-2.5213535815570767,87.42299495202994,2.6628,-3.2322,89.3721
0.20849125601671759,0.1116920097229411,0.9712343100220587,0.02380639096287541,0.9916524577440824,-0.11963155429077686,-0.9773192803543268,0.048460811943270676,0.20414363239955405,0.5916566314122509,-2.5495043817583554,87.46253841597427,3.0898,-3.2331,89.419
0.19160927155103513,0.11170452800292853,0.9746529756743502,0.023758264100433364,0.9917498862875201,-0.11884047206735118,-0.9807193589085895,0.046326337048379705,0.18741060295733228,1.026786875206155,-2.6156443592349405,87.52011002037818,3.5368,-3.247,89.4722
0.17561007866921347,0.10844475149681031,0.9779901870153138,0.023126777987280727,0.9922459103663658,-0.11470906738910268,-0.9836907607637089,0.043116075117179714,0.17175419821430327,1.4588549462452902,-2.6634901491938208,87.58397206199324,4.0021,-3.2697,89.5206
0.16196951926760655,0.10480077134642911,0.9807226352482977,0.02537662442868328,0.9926273532059925,-0.1108906879796781,-0.9859727402124707,0.04323703223887781,0.1581177212362884,1.917419477743896,-2.7289964956787007,87.64346242731959,4.4758,-3.2921,89.5561
0.14813998274793405,0.10273352679904323,0.9831230775961008,0.03093036513216704,0.9926670778856804,-0.10896409347778092,-0.9879698613949736,0.04697309617607138,0.14387700559088445,2.385982165036866,-2.769478527993628,87.71229825208776,4.9625,-3.3117,89.5834
0.13586471935339411,0.10188098001051947,0.9850047972494876,0.03639933931781768,0.9925503028737782,-0.10820759766948589,-0.9895514624082254,0.05099091511103891,0.1311402030206537,2.875380073809411,-2.8220801275514833,87.78032507929372,5.46,-3.3276,89.6033
0.12587010080312527,0.10263658394730542,0.9863018995971433,0.04092147015076698,0.9922803944072713,-0.10897955666185774,-0.9907324051285039,0.05450422629981125,0.12068417611285592,3.373952099176882,-2.870686605482017,87.8331306403741,5.9746,-3.3447,89.621
0.11910160036986903,0.10394182020893061,0.9869812140474351,0.04398588331211666,0.9920028197374103,-0.11025446140192156,-0.9914076166398484,0.056966150275993735,0.11355403619427142,3.8904190259580353,-2.9227209738529907,87.87799203878802,6.5046,-3.3627,89.6383
0.11167176302036524,0.10327263083135652,0.9878910431116696,0.044606656545379555,0.9920881988835365,-0.10922544973861273,-0.9922150961326582,0.05669340078091953,0.1061521083538231,4.440630407781875,-2.99499434422007,87.95965003308473,7.0504,-3.3798,89.6547
0.10423448209701765,0.10200239165523087,0.9888060744636817,0.04812652743090453,0.9920661152561823,-0.10785799670939551,-0.9928230975692893,0.05927555578060804,0.09846736374856327,5.004582214439983,-3.0720893533509215,88.04100451169464,7.6141,-3.395,89.6715
0.09871067482899407,0.10424715197074182,0.9891207467363341,0.04602907451743181,0.9919711977873592,-0.10959798501002786,-0.9934697704534671,0.05677936423085707,0.0930884152366982,5.600551735961509,-3.1368820470161975,88.09292794399546,8.198,-3.4093,89.6878
0.09342434949469887,0.10636224603419087,0.9893925350719842,0.046222981406254686,0.9917556720306702,-0.11143569011983911,-0.993957215598885,0.05656595481694423,0.08770165348890852,6.148917814861187,-3.1873256043751925,88.13714371285998,8.8009,-3.4262,89.7017
0.07402837062380162,0.11927751582246243,0.9895850087680365,0.016516214377465067,0.9915910434261133,-0.12120743847322256,-0.9965000592080304,0.02564856585975622,0.07131356472750038,5.860493587995808,-3.2177083511994113,88.03265811765368,9.4202,-3.4423,89.7079
0.070598659890858,0.1208822345256289,0.9896336641449499,0.018048893000758175,0.991362382420348,-0.12282777850853441,-0.9967141602346122,0.026860006979970236,0.06767973173878981,6.489661118730196,-3.280324441199112,88.08068149018372,10.0598,-3.4603,89.7167
0.0630051537794824,0.11897182733342782,0.9903462579970305,0.022598014556424108,0.9914866602203009,-0.12095920726825286,-0.9970881118051583,0.030348110835772102,0.059654909821588845,7.028632679988716,-3.3836901028814594,88.25570870138021,10.7146,-3.4776,89.7195
0.06320720913432734,0.11884544359083464,0.9903485286894339,0.02931215906438264,0.9912538970557268,-0.12123899614193097,-0.9968753384495078,0.037044889304729316,0.05904567115172773,7.696546699175263,-3.443445318429335,88.29117736696426,11.3884,-3.4952,89.7214
0.06664122568282731,0.11888258025922052,0.9901248284963335,0.032812801026168126,0.9910894664359933,-0.12153565243829667,-0.9965295523856069,0.040949962679978094,0.062027069816348555,8.373431570930277,-3.511786434147772,88.26863733466716,12.0746,-3.5116,89.7202
0.06811959606965813,0.11966452462296341,0.9899285749492824,0.034239066566972697,0.9909244591337718,-0.12247199523805415,-0.996379121357617,0.042601124893645814,0.06328402166170918,9.076277149875265,-3.5865498037486634,88.35127488439201,12.7819,-3.5298,89.7273
0.07134040804858577,0.1199105764018592,0.989666589494576,0.03595081758526852,0.9907997719498028,-0.12297616759958988,-0.9960864474206949,0.04471940819052555,0.06625439324069506,9.79616428165139,-3.675414352331105,88.42906373045692,13.505,-3.5495,89.7387
0.07753603929069118,0.12013166803086911,0.9891540861134385,0.03487619943643471,0.9907855560006804,-0.12339404476723956,-0.9956429142300669,0.04443521892756784,0.07251805655655896,10.502470299828945,-3.7566624203247616,88.42171634814694,14.244,-3.57,89.7524
0.08033258496719621,0.11829748736332567,0.9891463271210414,0.036442262879173896,0.9909233828835395,-0.1218042248998234,-0.9953596571356809,0.046198588576373954,0.07518452926569157,11.252208077285065,-3.8568219644680735,88.52616495929567,15.0026,-3.5953,89.7763
0.08617808775605827,0.11710233547550306,0.9887783992058512,0.03582849398027792,0.9910647916364589,-0.12082633526434328,-0.9948764895866858,0.046200744535595396,0.08110974144769571,11.992394023753594,-3.936518796120202,88.53297741423572,15.7737,-3.6214,89.8053
0.08747033926700756,0.11608541403937972,0.9887834721748259,0.031449673389660524,0.9913641733134627,-0.11949503483380583,-0.9949031681975316,0.041906008299378864,0.08295923556207041,12.798769967824276,-4.038328409387782,88.6805793441465,16.5606,-3.6458,89.8434
0.09274313560122202,0.11595876074575615,0.9883035294322138,0.031113411192333514,0.9913667953700285,-0.11956079923358817,-0.9944228698934847,0.042195511770714546,0.08823389632368293,13.584983428810283,-4.100287495538292,88.73093695569699,17.3547,-3.6697,89.8836
0.10119970730169309,0.11623445922722116,0.9874043555124211,0.026367658142890216,0.9914763256012096,-0.11969896052431404,-0.9936907250301894,0.03850913799172657,0.0971809637627538,14.331443742075203,-4.212139550094413,88.67683607661498,18.1565,-3.6965,89.9295
0.10696229937080351,0.11803519233003532,0.9865641364678271,0.0226413478049885,0.9913622600742185,-0.12132638027081631,-0.9931574117304982,0.03568459327577343,0.10328501282556923,15.152449272491278,-4.3842926103388375,88.70947105539341,18.96,-3.727,89.9788
